=== PROMPT-LEVEL LANGUAGE MECHANISM ===
language pairwise rows: 11400
prompts: 20

=== MOST DESTABILIZING PROMPTS ===
prompt_id  n_pairwise  heatmap_mae_mean  heatmap_corr_distance_mean  box_instability_mean  heatmap_mae_median  heatmap_corr_distance_median  box_instability_median  heatmap_mae_rank  heatmap_corr_distance_rank  box_instability_rank  mean_rank
      P15        1140          0.020512                    0.122703              0.435617            0.020662                      0.106286                0.308669               1.0                         1.0                   1.0   1.000000
      P04        1140          0.017632                    0.101382              0.429689            0.015183                      0.089109                0.274047               2.0                         2.0                   3.0   2.333333
      P10        1140          0.014772                    0.090865              0.434643            0.012912                      0.068770                0.263021               5.0                         6.0                   2.0   4.333333
      P17        1140          0.015619                    0.091261              0.403126            0.014731                      0.081574                0.226146               4.0                         5.0                   4.0   4.333333
      P18        1140          0.014268                    0.092149              0.362178            0.013352                      0.076360                0.186891               6.0                         4.0                   7.0   5.666667
      P19        1140          0.015957                    0.092971              0.331424            0.015284                      0.086234                0.220893               3.0                         3.0                  12.0   6.000000
      P06        1140          0.013786                    0.081224              0.360726            0.012183                      0.062156                0.195607               9.0                         8.0                   8.0   8.333333
      P11        1140          0.013409                    0.082083              0.378761            0.011222                      0.061616                0.172958              12.0                         7.0                   6.0   8.333333
      P02        1140          0.013411                    0.077087              0.392411            0.012167                      0.053546                0.196721              11.0                        10.0                   5.0   8.666667
      P03        1140          0.013889                    0.074745              0.340456            0.012764                      0.063191                0.183665               8.0                        11.0                  11.0  10.000000
      P07        1140          0.013964                    0.068153              0.342161            0.012144                      0.055906                0.199432               7.0                        13.0                  10.0  10.000000
      P12        1140          0.013763                    0.077107              0.317497            0.013116                      0.067046                0.181395              10.0                         9.0                  16.0  11.666667
      P05        1140          0.012552                    0.065022              0.350637            0.010813                      0.047224                0.166474              15.0                        15.0                   9.0  13.000000
      P09        1140          0.013089                    0.070675              0.299516            0.011676                      0.057369                0.150388              13.0                        12.0                  19.0  14.666667
      P16        1140          0.012402                    0.067400              0.320499            0.010669                      0.048135                0.164609              16.0                        14.0                  15.0  15.000000
      P14        1140          0.012828                    0.064587              0.310430            0.011061                      0.044659                0.201675              14.0                        16.0                  17.0  15.666667
      P20        1140          0.011600                    0.055179              0.324541            0.010436                      0.041098                0.155456              19.0                        18.0                  13.0  16.666667
      P08        1140          0.012072                    0.056772              0.304313            0.010557                      0.045864                0.142468              17.0                        17.0                  18.0  17.333333
      P13        1140          0.011576                    0.052791              0.321886            0.010041                      0.040917                0.166948              20.0                        19.0                  14.0  17.666667
      P01        1140          0.011988                    0.052719              0.293325            0.010913                      0.043287                0.144791              18.0                        20.0                  20.0  19.333333

DEVELOPMENT DIAGNOSTIC ONLY: YES
GROUND TRUTH USED: NO
DICE OUTCOMES USED: NO
HELDOUT OUTCOMES ACCESSED: NO
PROMPT TAXONOMY INVENTED POST-HOC: NO
PAIRWISE ROWS TREATED AS INDEPENDENT INFERENCE: NO
